name: TESCAN
channels:
  - anaconda
  - conda-forge
  - bioconda
  - defaults
dependencies:
  - _libgcc_mutex=0.1=conda_forge
  - _openmp_mutex=4.5=2_gnu
  - bcftools=1.17=h3cc50cf_1
  - bedtools=2.30.0=h468198e_3
  - biopython=1.83=py39hd1e30aa_0
  - blast=2.14.0=h7d5a4b4_1
  - bottleneck=1.3.5=py39h7deecbd_0
  - bwa=0.7.17=he4a0461_11
  - bzip2=1.0.8=h7b6447c_0
  - c-ares=1.19.1=h5eee18b_0
  - ca-certificates=2023.08.22=h06a4308_0
  - cd-hit=4.8.1=h43eeafb_9
  - curl=8.4.0=hdbd6064_0
  - emboss=6.6.0=h6debe1e_0
  - entrez-direct=21.6=he881be0_0
  - expat=2.5.0=h6a678d5_0
  - fontconfig=2.14.1=hef1e5e3_0
  - freetype=2.12.1=h4a9f257_0
  - gawk=5.1.0=h7b6447c_0
  - gsl=2.7.1=h6e86dc7_1
  - htslib=1.17=h81da01d_2
  - icu=58.2=he6710b0_3
  - jpeg=9e=h5eee18b_1
  - k8=0.2.5=hdcf5f25_4
  - krb5=1.20.1=h143b758_1
  - ld_impl_linux-64=2.38=h1181459_1
  - libblas=3.9.0=16_linux64_openblas
  - libcblas=3.9.0=16_linux64_openblas
  - libcurl=8.4.0=h251f7ec_0
  - libdeflate=1.19=hd590300_0
  - libedit=3.1.20221030=h5eee18b_0
  - libev=4.33=h7f8727e_1
  - libffi=3.4.4=h6a678d5_0
  - libgcc-ng=13.2.0=h807b86a_5
  - libgd=2.3.3=h695aa2c_1
  - libgfortran-ng=11.2.0=h00389a5_1
  - libgfortran5=11.2.0=h1234567_1
  - libgomp=13.2.0=h807b86a_5
  - libidn2=2.3.4=h5eee18b_0
  - liblapack=3.9.0=16_linux64_openblas
  - libnghttp2=1.57.0=h2d74bed_0
  - libnsl=2.0.0=h5eee18b_0
  - libopenblas=0.3.21=h043d6bf_0
  - libpng=1.6.39=h5eee18b_0
  - libsqlite=3.45.2=h2797004_0
  - libssh2=1.10.0=hdbd6064_2
  - libstdcxx-ng=13.2.0=h7e041cc_5
  - libtiff=4.2.0=hecacb30_2
  - libunistring=0.9.10=h27cfd23_0
  - libuuid=2.38.1=h0b41bf4_0
  - libwebp-base=1.3.2=h5eee18b_0
  - libxml2=2.9.14=h74e7548_0
  - libzlib=1.2.13=hd590300_5
  - lz4-c=1.9.4=h6a678d5_0
  - minimap2=2.26=he4a0461_1
  - ncurses=6.4=h6a678d5_0
  - numexpr=2.7.3=py39hde0f152_1
  - numpy=1.26.0=py39h474f0d3_0
  - openssl=3.2.1=hd590300_0
  - pandas=1.5.2=py39h417a72b_0
  - parallel=20230922=ha770c72_0
  - pcre=8.45=h295c915_0
  - perl=5.32.1=0_h5eee18b_perl5
  - perl-archive-tar=2.40=pl5321hdfd78af_0
  - perl-carp=1.50=pl5321hd8ed1ab_0
  - perl-common-sense=3.75=pl5321hd8ed1ab_0
  - perl-compress-raw-bzip2=2.201=pl5321h166bdaf_0
  - perl-compress-raw-zlib=2.202=pl5321h166bdaf_0
  - perl-encode=3.19=pl5321h166bdaf_0
  - perl-exporter=5.74=pl5321hd8ed1ab_0
  - perl-exporter-tiny=1.002002=pl5321hd8ed1ab_0
  - perl-extutils-makemaker=7.70=pl5321hd8ed1ab_0
  - perl-io-compress=2.201=pl5321hdbdd923_2
  - perl-io-zlib=1.14=pl5321hdfd78af_0
  - perl-json=4.10=pl5321hdfd78af_0
  - perl-json-xs=2.34=pl5321h4ac6f70_6
  - perl-list-moreutils=0.430=pl5321hdfd78af_0
  - perl-list-moreutils-xs=0.430=pl5321h031d066_2
  - perl-parent=0.241=pl5321hd8ed1ab_0
  - perl-pathtools=3.75=pl5321h166bdaf_0
  - perl-scalar-list-utils=1.63=pl5321h166bdaf_0
  - perl-storable=3.15=pl5321h166bdaf_0
  - perl-types-serialiser=1.01=pl5321hdfd78af_0
  - pip=23.3=py39h06a4308_0
  - python=3.9.18=h0755675_0_cpython
  - python-dateutil=2.8.2=pyhd3eb1b0_0
  - python_abi=3.9=4_cp39
  - pytz=2023.3.post1=py39h06a4308_0
  - readline=8.2=h5eee18b_0
  - samtools=1.17=h00cdaf9_0
  - setuptools=68.0.0=py39h06a4308_0
  - six=1.16.0=pyhd3eb1b0_1
  - tk=8.6.12=h1ccaba5_0
  - tzdata=2023c=h04d1e81_0
  - wget=1.21.4=h251f7ec_1
  - wheel=0.41.2=py39h06a4308_0
  - xz=5.2.10=h5eee18b_1
  - zlib=1.2.13=hd590300_5
  - zstd=1.5.5=hc292b87_0
